Patient  |   Survival   | Death  | Age
TCGA-13-1405 	224 	0 	-18218
TCGA-04-1542 	2561 	1 	-19263
TCGA-23-1022 	1511 	1 	-24798
TCGA-13-0920 	420 	0 	-24064
TCGA-04-1343 	361 	1 	-26428
TCGA-13-0760 	351 	1 	-23036
TCGA-13-0893 	1319 	1 	-17573
TCGA-13-1483 	895 	1 	-22342
TCGA-23-1124 	1768 	1 	-23005
TCGA-13-0791 	1184 	0 	-21380
TCGA-13-1481 	2648 	1 	-27898
TCGA-24-1103 	1646 	1 	-18583
TCGA-13-1411 	128 	0 	-29874
TCGA-09-0369 	1082 	1 	-20705
TCGA-13-1404 	201 	0 	-17784
TCGA-13-0887 	2028 	1 	-15669
TCGA-24-1463 	2218 	1 	-25734
TCGA-04-1361 	989 	0 	-20860
TCGA-13-0884 	3260 	1 	-14538
TCGA-13-0800 	247 	0 	-19087
TCGA-10-0933 	446 	1 	-28433
TCGA-13-0726 	949 	1 	-20134
TCGA-23-1117 	1013 	1 	-15690
TCGA-13-0885 	2780 	0 	-25763
TCGA-24-1436 	260 	1 	-20881
TCGA-10-0930 	1040 	1 	-25737
TCGA-24-1435 	1324 	1 	-21107
TCGA-13-0890 	2068 	0 	-20770
TCGA-13-1489 	2521 	0 	-25768
TCGA-24-1428 	529 	0 	-18306
TCGA-24-1469 	277 	0 	-25937
TCGA-13-1506 	134 	0 	-16734
TCGA-24-0982 	679 	1 	-28201
TCGA-13-0724 	83 	1 	-26342
TCGA-04-1332 	1247 	1 	-25786
TCGA-24-1616 	1163 	1 	-20785
TCGA-04-1347 	1919 	0 	-29695
TCGA-10-0935 	1078 	1 	-25098
TCGA-13-1482 	1877 	1 	-19178
TCGA-24-1426 	163 	0 	-15949
TCGA-24-1104 	1933 	1 	-20527
TCGA-13-1499 	1168 	0 	-20668
TCGA-23-1118 	2616 	0 	-16471
TCGA-13-1507 	145 	0 	-28445
TCGA-13-1498 	1144 	0 	-26820
TCGA-24-0966 	232 	0 	-28529
TCGA-04-1336 	1495 	0 	-20271
TCGA-09-0366 	1757 	1 	-20440
TCGA-13-0755 	76 	1 	-27438
TCGA-24-1418 	243 	0 	-24842
TCGA-24-1417 	238 	0 	-19775
TCGA-24-0980 	233 	1 	-19579
TCGA-13-1497 	1652 	0 	-17528
TCGA-13-1509 	127 	0 	-23481
TCGA-24-1563 	1451 	1 	-24274
TCGA-13-1412 	162 	0 	-15119
TCGA-13-1403 	331 	0 	-17697
TCGA-24-1549 	1721 	1 	-21432
TCGA-24-1427 	147 	0 	-21423
TCGA-24-1425 	181 	0 	-16764
TCGA-13-0723 	1204 	1 	-23094
TCGA-13-0924 	185 	0 	-16670
TCGA-13-1491 	1595 	1 	-20262
TCGA-04-1362 	1348 	1 	-21745
TCGA-24-1470 	105 	0 	-20007
TCGA-13-0897 	1748 	0 	-19894
TCGA-25-1315 	1583 	1 	-18263
TCGA-23-1123 	1018 	1 	-21552
TCGA-23-1021 	1446 	1 	-16484
TCGA-24-1413 	192 	0 	-18846
TCGA-13-0903 	1441 	0 	-15705
TCGA-13-0807 	414 	1 	-19890
TCGA-13-0910 	1128 	0 	-21473
TCGA-24-1562 	1384 	1 	-24747
TCGA-13-1488 	2154 	1 	-21726
TCGA-13-0765 	869 	0 	-18574
TCGA-13-0894 	1509 	1 	-19466
TCGA-13-0804 	1073 	1 	-27021
TCGA-04-1348 	1483 	1 	-16236
TCGA-04-1349 	656 	1 	-25213
TCGA-24-1424 	183 	0 	-24545
TCGA-24-1464 	379 	1 	-25874
TCGA-13-0795 	596 	0 	-24403
TCGA-25-1322 	91 	1 	-22646
TCGA-24-1416 	194 	0 	-12772
TCGA-13-0912 	1036 	0 	-21427
TCGA-04-1346 	1993 	0 	-26865
TCGA-25-1316 	1279 	1 	-20331
TCGA-04-1638 	1686 	1 	-20987
TCGA-04-1648 	871 	1 	-21113
TCGA-04-1646 	848 	1 	-22207
TCGA-04-1655 	1380 	1 	-17988
TCGA-09-1670 	547 	0 	-21147
TCGA-04-1649 	1966 	0 	-27165
TCGA-04-1652 	969 	1 	-28101
TCGA-09-1664 	2279 	1 	-13739
TCGA-09-1673 	92 	0 	-18599
TCGA-20-1685 	508 	0 	-16745
TCGA-09-1674 	260 	0 	-28878
TCGA-20-1683 	772 	0 	-24006
TCGA-20-1684 	581 	0 	-18755
TCGA-23-1029 	268 	0 	-16889
TCGA-24-1843 	106 	0 	-24469
TCGA-24-1844 	113 	0 	-23542
TCGA-24-1845 	116 	0 	-15599
TCGA-24-1849 	176 	0 	-29555
TCGA-09-1672 	178 	0 	-28556
TCGA-20-1682 	837 	0 	-20583
TCGA-20-1686 	89 	0 	-27588
TCGA-09-1675 	2967 	0 	-18596
TCGA-24-1842 	253 	0 	-18227
TCGA-23-1111 	98 	0 	-23171
TCGA-20-1687 	81 	0 	-16961
TCGA-23-1114 	2089 	1 	-20409
TCGA-24-1847 	343 	0 	-16529
TCGA-29-1690 	1448 	1 	-24319
TCGA-29-1691 	1470 	1 	-18664
TCGA-29-1694 	1187 	1 	-16523
TCGA-24-1846 	133 	0 	-16534
TCGA-29-1688 	2400 	1 	-14574
TCGA-29-1695 	1229 	1 	-22895
TCGA-29-1697 	949 	1 	-22933
TCGA-29-1693 	3096 	0 	-26300
TCGA-29-1698 	2078 	0 	-19611
TCGA-29-1701 	515 	1 	-20737
TCGA-29-1763 	2032 	0 	-16021
TCGA-29-1766 	1199 	1 	-27359
TCGA-29-1771 	686 	0 	-28093
TCGA-29-1775 	376 	0 	-18943
TCGA-61-1899 	256 	0 	-29692
TCGA-61-1901 	347 	1 	-24042
TCGA-61-1915 	2061 	0 	-18424
TCGA-29-1702 	728 	1 	-30910
TCGA-29-1710 	951 	1 	-19969
TCGA-29-1711 	1053 	0 	-16485
TCGA-29-1761 	528 	1 	-29337
TCGA-29-1696 	1032 	1 	-15818
TCGA-29-1699 	1106 	1 	-21130
TCGA-29-1705 	555 	1 	-17530
TCGA-29-1703 	1815 	1 	-20622
TCGA-29-1762 	2634 	1 	-21879
TCGA-29-1768 	952 	1 	-18396
TCGA-29-1777 	374 	0 	-17356
TCGA-30-1855 	75 	1 	-22394
TCGA-61-1730 	132 	1 	-28508
TCGA-29-1764 	1914 	0 	-18012
TCGA-29-1770 	741 	0 	-20015
TCGA-29-1776 	360 	0 	-23016
TCGA-29-1783 	220 	0 	-21284
TCGA-29-1785 	1104 	1 	-20417
TCGA-30-1714 	1158 	1 	-25032
TCGA-30-1718 	1579 	1 	-16400
TCGA-30-1856 	477 	1 	-20626
TCGA-57-1586 	679 	0 	-24304
TCGA-61-1733 	967 	0 	-26180
TCGA-61-1737 	1364 	0 	-15515
TCGA-61-1900 	176 	0 	-18963
TCGA-61-1903 	396 	0 	-20381
TCGA-61-1910 	1127 	0 	-20779
TCGA-61-1913 	1488 	0 	-17575
TCGA-61-1914 	1722 	0 	-23850
TCGA-29-1781 	255 	0 	-25404
TCGA-61-1727 	564 	0 	-27203
TCGA-61-1740 	74 	1 	-26169
TCGA-61-1895 	44 	0 	-19060
TCGA-61-1907 	952 	0 	-23204
TCGA-04-1353 	16 	0 	-23611
TCGA-04-1369 	642 	1 	-19571
TCGA-13-2059 	372 	0 	-18449
TCGA-23-1809 	16 	0 	-23111
TCGA-23-2641 	84 	0 	-31232
TCGA-23-2643 	143 	0 	-27093
TCGA-23-2645 	137 	0 	-19758
TCGA-04-1516 	1265 	0 	-17768
TCGA-04-1644 	1487 	1 	-17725
TCGA-13-2057 	433 	0 	-21554
TCGA-13-2061 	328 	0 	-21543
TCGA-13-2065 	266 	0 	-25973
TCGA-13-2066 	295 	0 	-18170
TCGA-13-2071 	191 	0 	-23367
TCGA-23-2647 	135 	0 	-18205
TCGA-23-2649 	116 	0 	-22210
TCGA-24-1850 	168 	0 	-26369
TCGA-29-1707 	1277 	0 	-15017
TCGA-29-1769 	699 	0 	-14754
TCGA-29-1774 	527 	0 	-29991
TCGA-29-1778 	454 	0 	-28147
TCGA-29-2431 	1285 	0 	-21833
TCGA-36-2532 	897 	0 	-22333
TCGA-36-2534 	907 	0 	-26621
TCGA-36-2537 	788 	0 	-14595
TCGA-36-2538 	763 	0 	-13681
TCGA-36-2543 	68 	1 	-31211
TCGA-36-2544 	638 	0 	-21384
TCGA-29-1784 	163 	0 	-20210
TCGA-29-2429 	421 	1 	-29156
TCGA-29-2432 	653 	1 	-22605
TCGA-29-2434 	349 	0 	-18997
TCGA-29-2436 	297 	0 	-13346
TCGA-30-1857 	8 	1 	-23689
TCGA-36-2530 	1004 	0 	-13885
TCGA-36-2542 	657 	0 	-21902
TCGA-42-2587 	276 	0 	-27510
TCGA-42-2589 	230 	0 	-19852
TCGA-59-2372 	1363 	1 	0
TCGA-61-1725 	956 	0 	-14782
TCGA-61-1741 	1024 	1 	-27762
TCGA-36-2545 	557 	0 	-15444
TCGA-36-2547 	624 	0 	-23706
TCGA-36-2548 	431 	0 	-20897
TCGA-36-2551 	492 	0 	-21045
TCGA-36-2552 	349 	0 	-23379
TCGA-42-2582 	435 	0 	-17961
TCGA-42-2588 	287 	0 	-22377
TCGA-42-2590 	227 	0 	-20965
TCGA-42-2591 	232 	0 	-18654
TCGA-61-1722 	246 	0 	-32853
TCGA-61-1738 	1089 	1 	-21965
TCGA-61-1904 	276 	0 	-22009
TCGA-61-1906 	1038 	1 	-20378
TCGA-61-1911 	1293 	0 	-20144
TCGA-61-2611 	483 	1 	-14782
TCGA-61-2612 	193 	1 	-23074
TCGA-61-2614 	262 	1 	-26142
TCGA-61-2610 	1579 	1 	-22481
TCGA-61-2613 	945 	1 	-26779
TCGA-04-1651 	1102 	1 	-19628
TCGA-04-1331 	1336 	1 	-28848
TCGA-04-1342 	563 	1 	-29501
TCGA-04-1356 	1499 	1 	-22855
TCGA-04-1367 	2174 	0 	-18577
TCGA-09-2044 	186 	0 	-28231
TCGA-09-2045 	1069 	1 	-18285
TCGA-09-2049 	3419 	0 	-23410
TCGA-09-2050 	2163 	0 	-23987
TCGA-09-2053 	1209 	0 	-26433
TCGA-09-2056 	379 	0 	-22864
TCGA-10-0926 	788 	1 	-23307
TCGA-10-0931 	1000 	1 	-16262
TCGA-10-0934 	204 	1 	-18602
TCGA-13-0751 	1678 	1 	-16304
TCGA-13-0883 	2097 	1 	-22395
TCGA-13-0886 	2259 	0 	-24724
TCGA-13-0891 	2099 	0 	-26886
TCGA-13-0899 	1708 	0 	-22031
TCGA-13-0904 	1470 	0 	-23278
TCGA-13-0905 	1455 	0 	-18757
TCGA-13-0911 	843 	0 	-20276
TCGA-13-0913 	912 	0 	-19573
TCGA-13-0916 	644 	0 	-18189
TCGA-13-0923 	195 	0 	-27081
TCGA-13-1409 	208 	0 	-26836
TCGA-13-1410 	143 	0 	-20950
TCGA-13-1484 	2982 	0 	-22698
TCGA-13-1487 	681 	1 	-27176
TCGA-13-1492 	2237 	0 	-24332
TCGA-13-1494 	1162 	0 	-15993
TCGA-13-1495 	1498 	0 	-22046
TCGA-13-1496 	129 	1 	-23993
TCGA-13-1501 	999 	0 	-18393
TCGA-13-1504 	504 	0 	-25008
TCGA-13-1505 	128 	0 	-23238
TCGA-13-1510 	78 	0 	-22708
TCGA-13-1512 	94 	0 	-18134
TCGA-13-2060 	262 	0 	-18635
TCGA-20-0987 	701 	1 	-22287
TCGA-20-0990 	789 	0 	-27170
TCGA-20-0991 	797 	0 	-28694
TCGA-23-1027 	976 	1 	-17588
TCGA-23-1030 	886 	0 	-23416
TCGA-23-1031 	575 	1 	-22225
TCGA-23-1032 	84 	1 	-26715
TCGA-23-1110 	1658 	0 	-15383
TCGA-23-1116 	139 	0 	-30464
TCGA-23-1122 	1189 	1 	-19537
TCGA-23-2072 	759 	1 	-21523
TCGA-23-2077 	3525 	0 	-16552
TCGA-23-2078 	2661 	0 	-24223
TCGA-23-2079 	2788 	0 	-17122
TCGA-23-2081 	2342 	1 	-18162
TCGA-24-0970 	354 	1 	-23276
TCGA-24-0975 	663 	1 	-21417
TCGA-24-0979 	1264 	1 	-19595
TCGA-24-1419 	239 	0 	-22659
TCGA-24-1422 	23 	1 	-30234
TCGA-24-1423 	190 	0 	-22281
TCGA-24-1431 	567 	1 	-24758
TCGA-24-1434 	568 	1 	-21810
TCGA-24-1466 	1373 	1 	-27307
TCGA-24-1471 	36 	0 	-22081
TCGA-24-1474 	676 	1 	-20902
TCGA-24-1551 	1579 	1 	-19661
TCGA-24-1552 	1259 	1 	-28129
TCGA-24-1564 	787 	1 	-24668
TCGA-24-1565 	312 	1 	-27048
TCGA-24-1603 	2742 	1 	-19681
TCGA-24-2019 	148 	0 	-17009
TCGA-24-2024 	1769 	1 	-26476
TCGA-24-2030 	1701 	1 	-31900
TCGA-24-2035 	857 	1 	-23855
TCGA-24-2038 	1354 	1 	-24957
TCGA-24-2254 	1736 	1 	-24407
TCGA-24-2260 	1100 	1 	-27112
TCGA-24-2261 	24 	1 	-27897
TCGA-24-2262 	11 	1 	-20861
TCGA-24-2267 	1446 	1 	-21293
TCGA-24-2271 	962 	1 	-20399
TCGA-24-2281 	1357 	0 	-25019
TCGA-24-2290 	1102 	1 	-20530
TCGA-24-2293 	506 	1 	-17235
TCGA-24-2298 	1620 	1 	-20453
TCGA-25-1313 	820 	1 	-22982
TCGA-25-1319 	1977 	1 	-26786
TCGA-25-1320 	1155 	1 	-24018
TCGA-25-1321 	1033 	1 	-23987
TCGA-25-1326 	1249 	1 	-22339
TCGA-25-1329 	457 	1 	-28093
TCGA-25-2042 	396 	1 	-22127
TCGA-25-2392 	31 	1 	-27667
TCGA-25-2393 	1157 	1 	-29585
TCGA-25-2396 	92 	1 	-26145
TCGA-25-2398 	1369 	1 	-26267
TCGA-25-2399 	608 	1 	-29373
TCGA-25-2400 	1278 	1 	-27789
TCGA-25-2401 	90 	1 	-23711
TCGA-25-2404 	883 	1 	-14184
TCGA-25-2408 	943 	1 	-13606
TCGA-25-2409 	821 	1 	-26267
TCGA-29-2427 	1900 	0 	-21940
TCGA-30-1853 	1103 	1 	-21404
TCGA-31-1950 	571 	0 	-28100
TCGA-57-1993 	763 	0 	-20498
TCGA-59-2348 	5481 	0 	0
TCGA-59-2351 	3532 	0 	0
TCGA-59-2352 	286 	1 	0
TCGA-59-2354 	1046 	1 	0
TCGA-59-2355 	65 	1 	0
TCGA-59-2363 	165 	0 	0
TCGA-61-1728 	848 	0 	-21582
TCGA-61-1736 	1484 	1 	-16613
TCGA-61-1995 	61 	0 	-16016
TCGA-61-1998 	168 	0 	-17855
TCGA-61-2002 	547 	0 	-17115
TCGA-61-2003 	122 	0 	-19605
TCGA-61-2008 	932 	0 	-14791
TCGA-61-2009 	1212 	0 	-23772
TCGA-61-2012 	932 	0 	-29830
TCGA-61-2016 	36 	1 	-18788
TCGA-61-2092 	1573 	0 	-21072
TCGA-61-2095 	1875 	1 	-19797
TCGA-61-2097 	1844 	0 	-25961
TCGA-61-2101 	1688 	1 	-20287
TCGA-61-2102 	197 	1 	-27256
TCGA-61-2110 	1354 	1 	-20718
TCGA-61-2111 	3825 	0 	-22517
TCGA-61-2113 	676 	1 	-19722
